3702381226573824090
3703254058627367349
3656809376313955638
3701787157401305158
3687719569948017089
3703079478944202973
3703087817547710721
3703266425801146375
3700481244761555007
3703104503361438021
3703080730759397848
3701773426592186748
3700502588635087192
3703684044714803312
3703101630128980402
3655797853357477625
3643775769798383421
3660608133514032391
3701804550072697024
3699919256780144748
3702379525884215677
3673801438498259048
3678258482710184109
3659195389636152999
3701812281013829703
3658015130400217323
3696625029891621319
3536709335830925472
3700501291412357475
3699772113398399406
3702762108568600823
3657698383147229545
3703110054690554121
3554274371398974501
3696637730000863327
3701590677931557337
3612186546322729153
3649896710060261687
3703110054690554333
3703267490902704489
3703082270438064178
3697929881691226454
3703257013405483157
3701794199016964565
3694016855250436369
3700509741844398570
3703074069315452934
3699375533398818984
3670094267340161287
3668794520084021483
3669311464512028834
3700515847140409366
3657646564333245851
3679574196599521330
3701808518454706515
3655311781330584261
3649511793153467388
3703104962914550141
3701252191550570620
3670628797536928044
3679186206291263674
3643376683416958585
3703820863255216365
3703107176919859678
3677309526849224757
3686198090483761197
3648553184177310715
3697175097006751859
3581035640751571300
3605659831282845467
3664143746238428567
3673983669514666189
3645031946775579402
3703068187215134902
3697906390292103522
3703073498160300395
3703128355495870553
3697871708506685886
3703251958170255385
3703125572298342515
3703103867697889315
3703121429802385552
3703257863842562281
3701423571214663852
3581764204820043916
3703122323155583256
3670641345241940464
3693988465483055519
3665351494011584990
3703106195561775451
3699196347212235036
3703673897871344050
3664142595237524993
3701809972351467753
3635571164220415455
3647295967918695192
3635569817983044787
3643706558547933115
3703115187302302138
3655797013984989342
3638879508901322389
3703101149017145785
3703676230197969348
3701086208244449349
3657096771793984693
3703835002186891345
3701072932450205788
3697901030290358354
3636104627293973927
3601097848017566790
3597871971045658251
3668012135906148505
3703102950823035313
3703107303772389557
3703874977569833395
3687535386692812991
3695173672286421125
3703113973932097611
3703104683775230430
3703105796213702781
3703101101713785111
3703833632134267334
3703117942288941077
3695349156110532614
3703673734654198060
3703119134133977585
3662821366509475182
3643990636165732029
3697906061852934211
3675822400831881474
3701801551992586403
3702943090017960378
3697922883092349187
3697420593067589686
3698617984751894995
3678251095391600714
3682893358155563257
3644910899615165406
3703103700412268845
3701817892346659276
3639463543067250844
3581741671098002731
3671205579575132442
3699377064579825725
3666203231123537965
3536513143863937701
3696613796245274734
3703115240955838819
3703113696688603281
3634265689818287012
3649859618907275222
3688811818685432255
3690124652715311448
3583023549377573308
3673981172058292525
3646149381176055082
3671386631589462423
3702514136509448394
3643983500069237120
3633497524062535468
3668429445791875483
3671962694052872560
3662300391430869758
3635998659587515563
3635984924407936862
3692728637724950683
3703682878631182592
3703114609486594429
3700514453549351298
3703673004602032493
3703107765472985371
3697173181661053394
3703834257085563060
3702876661755281602
3703168809851552174
3643729018961922547
3635565870765462494
3703118683288240485
3703677351150879437
3671923433924591787
3696631796604207305
3697174233651216828
3642415351750371159
3703694537445736872
3703105727477449011
3661000068506455793
3577333918086630540
3661022703009307406
3703682797018415134
3698473162766418045
3648022070668964995
3637062344745572261
3703881611289428247
3703108057413320783
3655051291656348920
3661523165500326648
3645039836596956273
3702380515756736708
3652432142878823790
3583029862954336339
3703339798791061951
3653028252580231420
3701808477627351319
3702376873834184737
3703103650877538416
3703117811292438695
3703113686177677707
3703679369693233346
3703119316795916658
3703114701970997498
3703686179456156091
3695902086064636353
3703120250850639921
3703121631732957606
3689509701311136179
3703110973670949247
3703677606734987620
3702775204016160807
3702784053703999859
3670056637076471973
3701800508458140088
3686081329683890402
3702522919809843263
3697486409196765534
3577096612536843049
3682888023730684289
3663255016497669604
3646115558468004300
3703124129248051270
3703103857052746475
3703110973670949357
3699257494846177336
3696613448445198583
3703121994548641956
3703118588647964863
3701806188468503297
3538111833779116244
3665383195131641886
3653034396447077571
3677501872706551920
3661521338050427240
3670465180824895708
3648552329512388053
3671208409908249064
3663594862227371679
3703116982456025384
3703120948757659797
3703110690194719005
3703108240100426110
3690114486510944391
3703116550845366477
3703118947311288726
3703108175524921431
3686194820017160470
3703109230182662930
3703112243060277824
3671040455161807096
3538126516166746939
3701781698581758065
3700702100485964148
3660632481574602513
3686984144560193710
3591382447117492225
3655271868283357755
3658013511373714913
3678252108844499259
3538112989116908134
3684323996679143749
3676018936522080750
3693266636082643342
3701786743012458524
3701804294471811183
3701809877837021399
3701781077841543279
3701777178128679122
3695880413693214761
3668427186672631964
3655797784470290154
3639462774259742659
3660418336736597744
3669354933834088756
3650398351553334919
3669316876095324377
3679574610963202319
3657117995089683668
3653747328822718430
3564688853354845193
3645424470186925690
3690896754741477671
3701784468810498361
3701812910159429981
3701771418577535341
3700717815771300308
3697874485127545174
3643549246621381291
3671207475710919153
3651679997711761031
3537434899696988527
3671925012115357872
3586591415024643909
3661145474716578778
3650935845185268015
3671387297451999674
3648556802636970284
3699178750932549868
3643526981578019486
3649304842284995159
3649669807189691460
3669308193768603957
3675826073062474169
3660219705119089282
3696610263668228283
3696606529395491141
3701815858671255594
3702508800104857637
3701822906536427643
3701780165353930901
3701803252925464788
3701818714740621487
3700513650222694414
3697924134966264132
3700526352814964804
3698643608711331895
3701824476581855359
3536851525009819736
3658403511391122924
3655056117018584877
3701811602367053953
3681594712483037664
3583618097212451085
3639459222397288117
3681014700755255360
3647258449122862890
3579145865987806396
3656315667281517757
3662812265498976993
3670040683261067455
3649063823358466250
3589519973162320238
3677314760342372574
3654307519083489971
3702588166688079949
3703696027765833730
3685532282682212531
3668793545143222314
3702536689567268975
3554698958980920948
3656734596755773290
3662706106909776032
3662814404493318177
3660221214867253274
3655424199624914454
3690116749832880197
3685686319461302761
3657096438934016739
3701659667907346861
3644141801985693066
3657628593955160948
3683436714283631060
3696013518991130628
3695172274392006688
3701804025876971645
3702377142093480245
3701811344518021376
3701807897865487230
3701807163602239679
3685532067740909717
3649556091379053975
3660999755032586906
3643737119278694204
3636868356054893030
3645190871302983275
3665374523601059940
3679205076213301371
3668791868050768001
3661997916102517045
3644062435259853433
3643713297351610392
3701807098968015068
3685530867389825454
3661519544851282227
3681036437492466020
3701779239872364591
3700530067751960600
3701448722811584912
3701817911632068883
3701812562132861378
3701825429972320582
3702382216773501007
3702378327638671849
3701807869939810603
3699192372463271988
3702382375460798593
3657623751413110313
3700472266023370896
3657062263862489799
3665447786985423176
3699210114855731255
3701804719707127933
3701811462621233255
3661000427186587675
3661517642231107057
3701810530764325044
3702535733676998976
3701806081236926846
3701073052583461032
3701807296519733438
3702380004680794352
3663595686961791635
3649670586659163480
3699219830164029733
3657699358138326793
3701814767757951076
3701816139958059426
3701811975936934302
3701826209424998508
3701816612345741715
3701810352355410184
3701813517922468306
3701815615930106311
3701810275230548123
3702605642868064512
3701823260980281829
3701814922427105549
3701811076149674240
3701822674817908996
3651156726947916817
3667972560047440314
3644130473875211269
3699205325925253235
3653977596909251023
3697871384429593013
3701811909281055129
3701814701085295011
3701818875919335878
3701826900864402189
3701806469872746925
3701813281623769532
3701809426789957808
3645033099974292410
3666179050407330229
3544624129598722436
3667717237009154298
3700503774079615067
3700520812214878355
3629307381810390568
3691215993041977824
3700521965421986133
3700815917236748775
3700483969968636126
3700525659177746793
3699213722519208202
3692696839901020306
3689378138116194684
3700662816534036885
3700524276147945942
3699180333544112611
3700483102217470011
3700508043251941520
3687554834296340812
3700487530328752589
3697176778419339557
3693314920180482381
3700514487976198407
3701073877393342833
3701073428443431132
3700505758404837729
3701074500079714512
3672161641358819752
3669360976911794375
3670637686105964884
3696587208342503450
3638867540840683880
3693485625568264459
3627788960505447454
3699225862445597054
3699205214390321190
3701683330861891729
3696621398354165944
3699196153997427076
3687520474440532109
3699051761701617711
3700503642965672193
3700504302461255963
3700477544664006909
3699051312709763376
3699913606809387480
3700516377661145296
3697910449170416030
3700692394027647226
3697929596143009849
3684325036044451935
3700499745408680310
3701076260848533721
3700497924426432927
3699423559714734561
3659707817796970544
3643732794221436567
3645423806362816532
3683029325998850065
3699044822913515975
3643733689487198228
3662445219808439938
3644693692155066009
3699190241966555144
3644133093763334485
3700504263638778301
3700469575461240869
3692726268966601064
3697873722947010954
3697888587669438895
3700496584186921399
3689355623822131685
3700506437051613302
3700472334885454282
3700508644530585996
3697924497932943742
3699049431656693962
3700511689519792194
3697911263108661735
3700512329537028514
3699190126220542240
3700463579443626477
3700507710391976292
3701073881696698763
3700511212828754334
3695132226053341248
3643711411659664544
3699046541026263304
3643380501844254256
3658814406827107772
3699050127458173095
3536513143880727740
3692720341970452737
3700507422696276079
3695326487315087437
3694356844853199090
3700501265919377790
3686819063482417550
3700504955153678347
3690118691384590676
3686814809191481432
3700500743946633569
3700514277480857725
3686776075129585674
3700505369584468118
3700516145690968202
3698475868721643983
3700513832758804879
3700518748441149599
3699212320371769373
3700521452181783124
3700295109510824269
3692720692052230442
3675813866664755396
3597915253377238593
3652435763695612683
3699189185555595467
3700510353969512617
3700499910714589230
3700506977949057338
3700512250256294276
3697479728308027684
3690892917255307580
3686209626799473102
3698834019744612829
3700519300436721790
3700501695147671605
3700516562403459564
3700517369748259747
3701075238856032608
3700520178589761911
3686223746428961110
3692720333422461142
3692310600035205455
3667720043820613708
3692695641554813113
3699198428291662157
3649440170035551481
3699776872222163148
3701073527085072573
3700507985144053979
3700511814233227726
3701075182887239860
3697603451333771291
3700522751392612484
3700501605213405278
3696583214165524671
3699202974380326927
3669307884572901465
3670090608036413611
3675277678853881976
3699222681938428090
3699044176646767037
3699937297874157998
3629469740138889727
3660221934215545150
3694010547948355792
3699204990859084758
3686774511534997869
3694577421287293212
3692737171690750304
3695097668494819502
3699198700887867444
3699777378977972293
3699264987450179809
3662455422503249458
3699205238012641463
3635572107267670482
3699777357503135931
3699776872222162963
3699051031271964916
3622809772581085123
3685492077510131834
3685500733840556102
3699224086434677182
3669327828253540667
3699218636037292284
3699227069163635047
3635569132658899474
3699225937532027082
3699217646097661961
3693577258670358534
3699185468194291974
3694017886059364717
3631670380550292635
3699204623614214605
3672484981562802256
3690703861342928897
3699205199257272741
3596979270481757590
3699777085041148293
3699775220815626457
3699777280319553892
3604359781206392141
3699266183363690902
3699777952624541830
3699203154861228933
3699267111261175962
3696615945951904212
3699182165330887103
3699181883901476972
3699219623871381524
3699208596551238002
3695472408803803364
3699048261169054107
3692721181527507411
3699188844164415503
3691420495804236115
3699183303597883410
3628575635288534377
3699209429732950392
3699222460797943920
3649666703991913843
3624300377471583596
3647248804488576401
3676554486773580219
3699235279018787084
3644309412933439389
3638534777839198645
3699256191122276508
3699215900218622142
3699263147098636323
3697885765976588677
3699261375382683803
3627790261863764456
3602389888005213913
3699263988727677043
3699233621262074067
3699259966432084095
3699230191688745055
3686220959213289498
3699215286113796494
3697909667494756843
3699255435442913517
3699235869685841941
3699258211946332360
3664128161974721167
3536910396134927707
3653006354177722883
3667263175239270546
3644149347999944555
3692349553140433232
3694019578209370136
3691973438441914432
3568570930403887497
3685501176280908209
3697897817596100932
3550384556932761965
3693272777692938479
3694136564478247297
3694784967176487275
3699245047980622289
3688841552559473016
3695129238903587184
3703120933876269525
3542028255651595482
3691066485406564840
3693980051675676958
3701238121128657252
3559522875096572799
3694013127243989338
3686255557272010904
3687509206543499581
3695345698703802813
3683600281796477173
3695355242020470882
3604989218302099732
3689244824453644627
3690706745447022942
3695685039850389514
3697918701992018256
3684184504580309403
3688795991663837415
3692730699267309940
3541350896241899977
3692652241002561865
3687530782412374282
3695455602672271483
3690678845154918781
3691426768553640086
3693282155913412643
3695459309279379598
3696615160081940880
3686774294697869721
3693268764272493007
3698223595361796157
3704385189804376124
3690266575480422460
3697386881818951686
3695164655002583508
3703681482926194948
3698473285298815302
3687919962309132460
3695329571059662861
3704413804789104893
3553767198013180012
3692770655239012548
3695838713746686308
3704396354446033018
3697893490634653783
3699192748197413288
3683606517896053151
3691971720706654447
3697928805986468032
3689355350915547526
3684919369114189870
3691388373743829227
3686226957135118539
3694026602519331022
3700518430714232859
3540772042142056237
3683443060055867622
3685834068374716910
3704402698003677580
3575316078026443729
3697903373278904347
3686202823445446969
3686776753675698458
3692146128498851909
3690121308949053542
3692860654223491316
3703844206251475406
3695470263450861819
3686194257351278892
3686775858141462968
3684909555323633893
3694022301185081461
3696266107947188551
3686820339054149678
3690126793865560251
3538212361783627562
3698120191759221168
3696478646542926126
3698605873229332532
3704386652123299906
3687505583814082970
3688803194491764786
3572486555417323902
3699766092063965580
3694024766462755310
3704404220536029665
3694022893798293961
3704389675629281354
3693989066828808618
3699056284117631447
3695872353935426008
3686261892382327235
3690118321925128669
3540972754436253153
3695326796653396136
3704253720738005099
3694579515134181381
3694025747971834344
3691421410808431053
3697871210298867764
3688076788610761052
3694576304671293827
3704402315801919897
3615668366896962072
3658647446130705635
3684943294321787184
3704385462534799849
3692105427316769149
3615113467851360459
3693422511158067326
3697388556822642701
3704385121051345234
3691414633299706700
3693214222373749166
3693622963631948265
3695285710903968211
3688079204605362370
3699987542515515525
3701651520320831769
3697907208600813934
3700501192636498183
3698821461235073172
3698690490376519693
3694013623102996613
3688078130729320515
3684890369771831341
3689421968291004554
3697880725782135088
3686905684273791312
3692754641713496388
3697174283236278369
3683434427196768337
3691423979131764774
3691424275333513621
3694016541675880774
3704411734765863289
3687709777313530166
3688079949916406048
3697904122599702917
3704394492586099113
3700504147834044843
3688076752288088513
3691970313995813063
3700483804637560999
3691433984190972089
3693850946871361878
3688831324346515860
3690675628358631750
3564694320722406357
3692725966171406519
3684898547356008599
3692721052921758350
3698475651775463439
3699163434861068542
3683622104323981667
3686202480124887214
3697909482945380587
3693697728283541584
3696577254671908984
3694576659140313573
3686199537887740158
3688791451841462458
3693402576084140293
3542575610511654976
3686262972356886946
3687547867817443820
3694017802206838888
3697178674773229779
3698776469187723348
3704396661385199786
3691423904020169099
3697174867192447194
3697901779887981019
3685492182552281468
3692757439616254142
3690116591070085169
3694579193020023134
3696593311507808266
3704402309300748559
3691433743723135059
3693697137759093092
3695295250076663983
3697919109971968295
3690795893818261572
3607005989796207549
3695246399076696529
3704403945809117384
3684348484292575520
3691992426668490910
3703074189482262893
3695128197315297565
3694013953916142059
3695875598758052335
3693761250908570021
3684182419356910037
3703077348380377390
3697906266006487307
3691430853193367691
3697909315424878782
3694009188649927030
3615345926522183447
3688791202892743061
3688796127114690561
3577119128936407763
3696304290349056054
3687530524638839169
3692717850771980334
3566497448975322817
3684331575140549044
3686199793337631104
3697934683439497269
3536717781884104102
3686259854420345241
3703685275415871531
3686813705284223171
3691432597025587279
3692689306536771618
3683441471085740102
3704247452090630614
3683612941095141527
3695357675337547950
3704396208324870580
3688983812647288985
3698413778484985909
3703252583213826515
3693989380344644029
3692659067911799207
3696623964689399909
3703082349953679791
3701594309259296790
3689589845677703614
3704404635193311288
3694018375626915868
3691437463223533892
3694018141475701172
3696583995723743546
3536918691906199138
3684888452018602075
3684916865282474038
3689419320384946592
3695346916469637319
3694022414850720121
3693443749830066469
3688839342865908179
3697726645986263367
3697907343900672037
3684892463358672984
3704411595103928791
3693853463931912505
3696224534953853021
3695328458596024498
3688079354811777356
3688143143666057233
3689741816636244356
3698475262988648781
3683437964085559587
3690113234444091733
3693988931545727145
3693272773599297553
3697900072470708482
3689377268200767776
3687539859725091310
3703117697635188990
3688294676630208675
3698851966022189453
3703105192695300110
3684903183655764110
3689375943362740681
3693270684164817363
3692889546543988902
3701495127676682261
3688800855806574642
3691435846042517983
3691998340913954891
3612168665274927561
3683614347671765174
3685699006803083727
3686259858522374380
3692001809116823570
3696236081839210763
3688800160021872744
3694022385020829897
3684181377793786138
3690119842419048568
3538214429818750265
3683599905928118355
3691230692617879867
3694577492389134756
3695164938680139929
3701638210166849902
3694544433866473486
3689677641234907419
3693388018116329592
3689377712939597848
3686223883876303105
3695191661983432718
3700524084795408522
3694014776326881289
3697877047151034620
3687512425655042516
3691960998211748333
3693982160546562165
3696612086856679639
3698058788759273701
3703270218198548862
3684185243381792770
3690270022292340970
3695458497488617716
3692750696517599452
3693439044601118820
3694028593312170404
3703255546799980907
3698421354773742199
3684893230018724023
3690138649971785958
3697172397728858443
3696094058125590833
3690129971914866780
3690895333166022924
3692519771309473851
3677879713713488070
3691991460275683958
3684924155981070348
3684358152331067591
3691997844811677705
3692733765999788044
3700138892918391217
3704407583562531242
3704405165571440998
3704403069551903171
3644132380932967190
3627283625566992783
3679545396671152203
3682328896214270031
3664120074450662792
3596796564905001679
3647468617064413063
3657097261663579997
3678249901482967445
3682321618392187264
3618161685698871995
3580321703496187316
3561576004856231387
3679545697344028771
3660218176152677662
3662705396050728546
3669312544645972216
3670096780013469845
3667246104958861703
3602389885782231094
3615367474264066571
3652775796508112693
3665365121875706237
3673983128399118447
3616058979182114202
3629658325886623655
3568036017963451062
3620173678412718567
3644877802622327554
3641550708295250971
3592128023366868842
3646720890999331361
3629635730004943819
3578985620774725648
3671387531427053748
3643731862238679769
3618684535790774791
3538766938706720087
3631178565934005953
3668001860238836068
3660226085376924121
3638540116508677862
3673429644528451862
3606222305593845606
3643987870315866894
3681597467687780375
3633000486824718822
3672485739624530148
3636327308454943302
3538964092771549029
3661524997354182366
3596810444049923500
3618701640632288002
3656317664835558889
3539461166466228135
3664127330856623652
3649306630752965077
3653746562145906327
3655796919252436645
3661375704190343304
3670639092615479749
3671923528204157330
3572482808058403937
3625373084367850616
3575868977664136297
3644685072189238235
3673415449560875395
3653976097881767704
3658404821230335055
3649305613240032944
3664118152452784288
3554695063395260415
3669314277824659491
3664122462578334351
3660215326450314080
3662702151102245358
3637060774893083600
3563393388097237762
3667889452396708320
3655797311973519769
3677135660071911808
3670097490813780360
3630740013173635683
3562424692566547523
3648556991649060009
3676014467474391363
3571903429913804338
3680305584307044437
3613455696273780801
3622801891207043045
3679009603804332122
3682319730762449040
3632963172207587227
3551704018130708915
3682312837339939123
3581762506152112963
3655061144093198542
3665052559128834940
3608257955826433987
3681595214826438982
3677310132406059494
3578464933307935225
3679008920988418061
3681887962095812955
3651872158969427655
3674502808612241517
3622583204508254626
3536826401690915642
3617956785660504782
3644081863099873364
3640737460465572752
3629788798277267162
3613495603037876103
3636312774386300879
3673210723552592071
3618681572313710021
3653978612811628331
3632804035121311114
3680474445341917667
3671206801350721859
3600118071488023598
3660410637923805224
3661516765999032850
3658353601597838608
3627743324447834120
3671046191182905634
3671915760990683470
3673228728214880696
3661521219880092472
3649557611839378265
3596806438850290189
3665358737423597781
3621252529100347879
3635053668107193620
3671913175370039572
3677310151825686756
3644133439441124315
3669353639035666468
3660628059989659811
3671387273829679361
3678259605718302846
3640949554448309098
3586927017645468285
3646152054902264129
3566697042648669267
3673426850727723146
3675277721845498247
3654501700947061664
3682317037717291227
3551681106602554179
3675824322896855370
3632963017387456038
3661522809017995442
3598434491351358053
3604400119539187110
3675814646301983014
3677150999623106697
3627038324876777585
3644130716649934907
3643986991885994402
3668016866921677188
3671723771640807448
3628871556471639175
3631699025675322019
3542249880259038703
3611676796795399350
3577141290825064977
3653207365592999935
3641549426071368374
3675073017144279354
3590081318987402275
3679556464768319608
3673480196394189276
3680305341742055856
3653981398164974597
3582137703623431513
3648557923849882454
3682364391988265179
3673218190470676663
3675827200390725915
3568244386280173441
3671201862146720185
3679564562887213168
3622563340167040161
3625363723469900490
3608264014943112514
3631663248648056192
3565987965006140453
3678253302962847928
3627777686274976441
3669913915296448817
3673601355072799134
3677313944239865915
3627046502377096348
3637281439776691394
3679186850670575933
3673980188460450059
3655048545058302814
3648382338968218496
3646142681060627892
3670817709458850157
3624224450964234172
3536838294363052406
3658016421230832032
3651863584033615691
3653982306458288152
3677823357451108849
3674515319986192805
3649544864334526064
3591437049028324625
3599598509042577613
3611476304777625200
3676577642955538828
3568011077054793055
3572507837106111378
3577335165648796484
3579732988000395443
3671392212907851936
3620164019014516689
3642614664044645629
3678252602958676191
3632256488849959124
3670095083484610587
3681029610524508292
3580292194931766883
3655796661285984656
3669318012147728576
3644135271244686943
3645556368615839217
3645029573663574579
3673984384693830082
3678041445077483980
3622810957992045383
3636099105962465210
3566739768983291296
3669128790937829636
3677326416959111532
3636129144988897433
3666193958146539713
3588776170709219549
3673981425528471777
3538488663472249412
3664914229019958024
3677144625874862157
3682333887033376979
3566698558629503317
3597885671999698209
3631507221059343048
3643985248179643062
3641548713157071545
3593230593137237431
3608262856140818292
3632962744715749970
3644127649934225813
3565645237219151804
3670630257892917742
3675806606014152721
3678254512113582370
3682892275706364280
3651173131609061061
3647268716384756830
3542261946860619572
3544307047195648322
3645535767847126470
3637066478861301072
3564142668730729673
3585443301798620714
3679026094373208532
3562076924736062024
3537474565850707434
3676567526042632412
3614079087154430568
3675298760633745469
3631700022116145829
3678257119183896989
3632257335168241553
3643710447665979414
3672672568386650587
3679010720520994821
3682341323676975295
3582145763272219990
3671910564080255272
3567825534501150717
3680870533769068866
3630743217345051655
3678253564981018964
3682894313508962379
3632961666829916707
3646731957108361300
3674527970669756605
3610860801629492273
3652426847637139820
3668014238301028437
3668006067243188646
3680871465701474499
3646111183674672453
3653753562523160008
3674514018493661540
3644083151992662178
3648706415884901933
3672880129241120956
3585713579837537637
3638910134341751378
3680653371557151168
3631105147662369570
3656737482764077091
3543497362108479662
3616058459415541728
3643598071801202662
3632944132651095827
3673982900673577028
3679570859275715042
3649306012713905283
3536877466620705415
3672163775831736615
3682356710548308340
3682889520342237575
3536887218352322035
3681034397500440721
3643698434499838608
3569866638310420875
3579537064384960211
3556703003580983189
3599037038915139109
3583582144041234505
3621807758782900816
3667693331246350548
3643553300860790660
3620174715613765835
3639459956769569180
3644161930106695887
3673235599919284378
3536721366034299330
3582185652780942895
3655797166372460591
3639461545857163825
3655797484191649937
3655816276829408648
3563358521552727073
3670639161334956195
3668025843336216792
3682333876379844812
3564494888320026174
3573061278102593139
3601097847984008453
3637657837641034767
3671385598767268124
3577693460553183103
3670631131885207572
3678249342919115136
3599598509260673630
3590908581228191957
3649670659455502150
3617970641057259557
3642619192726940191
3674513752247631971
3642617419081630798
3638139462413871042
3662297588889219990
3671387368167965158
3628865410297897244
3675299765647704140
3603689195085940164
3610858075340288807
3622777452968959916
3671386565185241268
3656743192671444591
3681033710255341570
3683026162839322804
3657655012408053726
3643966223252902079
3601251917050807021
3661926991185247794
3538765334536422831
3556912909395311960
3596637994729256261
3675806333308895698
3609566438047806382
3622610835995775565
3681595687323173357
3630602243717362556
3634268923702209360
3672687250858180640
3674555102078828788
3641479796095069811
3563232676796365707
3674516150894592358
3622556904250851380
3662818918445275836
3651862233249626713
3572504197138139113
3677513011771343077
3537433982797003399
3604377905976763886
3682332014494744576
3676023811318349986
3643746707541514964
3681597523564298491
3682316254045143292
3680848296492007442
3597884340467551380
3643747979187372481
3642644208696883469
3538967820769618937
3679544017919541744
3643526524096911864
3643711213873024503
3662297876702341244
3642823740745757732
3675714371591471407
3649665823540444017
3605672120274808030
3606964438369968720
3636879102255988999
3682343147049975829
3544072067269940419
3669329617216471443
3678260041791701029
3679557568499417265
3553939185658407404
3649267830387527841
3677508300200607869
3681819425146798541
3643525639358835681
3674500317615096276
3674552969602400351
3680306978049098084
3680474526820466863
3620167538765396112
3539423181775454943
3668789359596929115
3609754101241526514
3677320594912838026
3579688532849113913
3665454893168198037
3673230768106242441
3627741295025488208
3673234958039777390
3676572673602879880
3682340516223123598
3536512336426839404
3659723649230998858
3682316707088695304
3580291941444773408
3669543727795404879
3681444987792392517
3682332796103295413
3602389885857730685
3692141047544152387
3686224637685006664
3697930785781841929
3702941264673636381
3693253781203583326
3691216214492840085
3698474399842828562
3684893627252867149
3693271860834861359
3693398886807896406
3704390457330106539
3692271414682976681
3691971969781202994
3694870000960667856
3701967576067342442
3690109959539917282
3695289172647608760
3697921283175088577
3698837988143399171
3699084315339129307
3696632451578331202
3692751297913684031
3697573549721125065
3688825270455894204
3690113062678954438
3701237766844187088
3615666605977154914
3692780615318503551
3690698642974441926
3693811381741683077
3696236840085487755
3704387856836460559
3700470266925809867
3608277716929011440
3703855212155502924
3680509900397608998
3693706191516598481
3686214533665390740
3690897197039222840
3606975006103440110
3684909924690821546
3684931264151946105
3690271809032290390
3697924440034771096
3689591557071176073
3684898892882772237
3563363284637852921
3689591625857761450
3554699021232786177
3696618634634985544
3694758512216375620
3698473300289257635
3685492472563236993
3688376721276535020
3704271581267230899
3691972212472021227
3685494212041769352
3692722646245572965
3700504675905306768
3684892078891991120
3692377479135232409
3688192903034831048
3694720731503002081
3690678190273069460
3551680176742132580
3690137159551025318
3700546457514934444
3697920377096372314
3695165917672636878
3696575551759319270
3696614906536264065
3702875938170732916
3691971778478997961
3697908765484515783
3691435803176731263
3688800849406066746
3691417034169647143
3692334267368603756
3689378419402997926
3559504726779403287
3687518606238810651
3625196254096687582
3690127150163296434
3690192384332792294
3691637312355172650
3689197869488800187
3684931929863487497
3704407338858447200
3700560134720847960
3683439901115809903
3697918384122495164
3701812418234679306
3690117317020221785
3686257004449497099
3702952070660358310
3697881331582238895
3691393276566438332
3692090854517899273
3694023026950668674
3687507651790504136
3691215866457882905
3687520837231050925
3692740841966796803
3702404034997649608
3684334624399556793
3688245744160080280
3702399686326485058
3683613018345832859
3692723167916327052
3703102141263643092
3697356948103102609
3697927107326902652
3686217540310270262
3684892214258958422
3695135807980568753
3702952072958836751
3698447964277178476
3687520624680501336
3698681090706375145
3695470147428024777
3695876545823506628
3699333790645223806
3677882355378421773
3686204307625083188
3688196684845809819
3689035990275588562
3698476987652898914
3688997526528196974
3696015552448430463
3693800970640294363
3689420774155878724
3698636605658104136
3690895674515259686
3684889480428388618
3686256384103547255
3695286198382756324
3688070159311962575
3613459274795220152
3692885225664282656
3695459605548237295
3704408227883122922
3693571565951254969
3694021732135469114
3690121304754749622
3693994063838708164
3536513524060795731
3699153193578660206
3702675728127623578
3692728354089336862
3644151519349207815
3691389982376853638
3697910917355405382
3688843367216709778
3697739543747887201
3698476235991679095
3689420471285186728
3692513887120392446
3699060278378496420
3536513143956205910
3577838379183788692
3693419757916258542
3697904380364849221
3694542870540321206
3683436327895957987
3691217176439685597
3683441835956633602
3691229365489762428
3692223583813239077
3694022101401993732
3696609748498645466
3695524689444209137
3686218470170689569
3688078004195557622
3689357086359159229
3697920733461217453
3617572804679095651
3695278740138492026
3694017321254388021
3697911692454396191
3698438517555331407
3692371541091287193
3693076560157475030
3704396968508916523
3686257279470010732
3694543014287507856
3694583127352672432
3686775435145904398
3687509155180052579
3695169334386229317
3698113951247237194
3698643213607895053
3698683092211466449
3701813358975123651
3565959225182169808
3608821838878222050
3696612110613217416
3698287957409661261
3691988453907628215
3688836615561675019
3691392071928774782
3687689077752201707
3698504344346427705
3683602257414324456
3688431471481192703
3687511944761311511
3696633415857209796
3703110681713836165
3696227219174195493
3698125953348796479
3702869008140337161
3695841060870815832
3610129044361843873
3702226715335065909
3702968226154676403
3688867994659848211
3686221055749390800
3695132440583602607
3692405078536356321
3695340304208101385
3695125126396903555
3701186452655308888
3692692433197465695
3694032523215634555
3696581133279035802
3688429798364938549
3697921203693027373
3683435700604240080
3690896980168540561
3704384253459562506
3688800849364124003
3683994598306349253
3686815584349192347
3692732543829934335
3693253403170963929
3702952489436446739
3704404766139482290
3688197172358152590
3695322037586362410
3542030787467720520
3692866686404395109
3694575497368436813
3684892972404572509
3695314291738673375
3537627971353459547
3695134972718481975
3704404431215919208
3689248299057021353
3565954459882391248
3696047399647707458
3688834715172864333
3686217293433536976
3556343452524486220
3702402581285437480
3688852345963282664
3694018321931436264
3698474762633347262
3695090781590257854
3689686832448143465
3693300899050029064
3694542877007937844
3686263885045826007
3703116385598177290
3685493728774062212
3690681155872489523
3692729223878934727
3693451723369742543
3684150028844269808
3690112856503746746
3694028782148124947
3703885463732486204
3697930184654192776
3611419617651758390
3697714459201110246
3683443367347356082
3688286284306055343
3704395334265471011
3688829363618447388
3698682016380878895
3700503142769754220
3701785205305114817
3692163020663947659
3696608079719301320
3690898287935750310
3692719126402433470
3697924931842081241
3688798388423360603
3695359483384561927
3686225357008142560
3695169179767407030
3688866300437856290
3686219820929515695
3697177951046074648
3698221318785859757
3696085051486896131
3692741376463733115
3695530281273524570
3687522020788142405
3689441660497952975
3692333893840666671
3688797933131661380
3696629105698144705
3686090866700714243
3691773101999259774
3693293743684845844
3688802240799310217
3693271551530107144
3704402287834300507
3597033730851650259
3635567000291551650
3702401814625386523
3536842853470851881
3695336268968886771
3704409559406870918
3701654159460794392
3688297133376668049
3690683273467527587
3695876586801856592
3696610420602306836
3698777227341725848
3703070710500032945
3690893116895789509
3701451858078990538
3564718937377735044
3699915923885523227
3686040939962433926
3463587531902335149
3698871147354521970
3538189510452113927
3690123207500759236
3693985078951674318
3694540905492120030
3695322160085205098
3704393596993142802
3704408055958601886
3704403990897885527
3704405232017605094
3704406258590285942
3704410188443418676
3704404759738974398
3704404482587754824
3704411150549647712
3671922503929954362
3673229385168715971
3666217043595755573
3539457230137119359
3629654864017137643
3655633719286458580
3682317138850349298
3536884035764754302
3616646539264588420
3642660884310064843
3586781008059583748
3632252561135917223
3614794822063359135
3674515257650446611
3544312561933628938
3672684538460504350
3565504156208882198
3629471097424064019
3668015462475759695
3670096474995294666
3592151735889708213
3621280890849774511
3643733328928103549
3677510449605247099
3664121659394251567
3644164376199610060
3596249587750409895
3680474651517124759
3649304573874691344
3676018676508786800
3627756808514455703
3677307841074561393
3538501765278347236
3635054101739510745
3680870997566816535
3605531325660017511
3625370292714633784
3633108606074900001
3658915061390555663
3669317393689215151
3680304618140729530
3642644689959663730
3648561409165507870
3664120901223464272
3622805939230506641
3670636788239696011
3616649887074137078
3619759566088182216
3665982594241135079
3632379434620853517
3597870111266077492
3679546214862422321
3608296940170790410
3634270051324058873
3624227977207930244
3644146305250517477
3648555230746033234
3585629600048366724
3671582325466071196
3565996518433540740
3608261371415891828
3681597308555887013
3642960582740719918
3675830655817744664
3676013737422225567
3678257969461592344
3665389603105407322
3664111946342492883
3640951508465535089
3624302466830591115
3679550552779391162
3680848803121987815
3652422670571715942
3536869054927249127
3575867057914437662
3600870051508535408
3662815854044809789
3579745400497797174
3678254595689283880
3677317416645427573
3636134911108318682
3648025119827320885
3674566765028966582
3618650543381168179
3618664671667688129
3680847824129491150
3642476026610756576
3674504279563042959
3618678269458652647
3639077958024578455
3656716008162489598
3662249659159726532
3682315790062846212
3578835780103187636
3680848899800695083
3682339010971304166
3664516927432298789
3646725544596342869
3636887153256087439
3678254561379876974
3536711345917548555
3628869909251021750
3613467666347640592
3660629915373578501
3644126599948969979
3590079508683874005
3672685496422760538
3682366245165990055
3681622165762998315
3675048587345133862
3678252622168588391
3630398863946467626
3536512338649864159
3675057819243118734
3676573036561170901
3677141501168713905
3663759720403073299
3673224224748732708
3581022466031660957
3588819631500044057
3621655463537563361
3644086203550140647
3552431673545232226
3648023474905198529
3682334623595102515
3631651734033665484
3651185973150279971
3631698387931406408
3680589163943559427
3640768098556099236
3678260198583173167
3634724445962243268
3643967421842359187
3596751010351163555
3643734335829498458
3677305485226279165
3561713102368146876
3632949746022396909
3661524320913621267
3670634769831559427
3640948555675470827
3558217948042805124
3677302749508272616
3682362547408863384
3629453075783280502
3649368538789096821
3654309659906575159
3537215587963005630
3646148182670474455
3544695786757589042
3666200735722373375
3568068550319073715
3678261469885104743
3629470174089970883
3643713011576929775
3641695048850124652
3617963086352369793
3559514141347733855
3653204915112812322
3653977728115412638
3682319414956523855
3560057106726023379
3635966430110972232
3569866505166446660
3674528342217982113
3658406236170368781
3616647533432053689
3674525550489239879
3679145431977295931
3615372712026985862
3633155681290459873
3579725145297821093
3638135343775117541
3651187747131097796
3664913460246002381
3660219099570656954
3609573183293903538
3603650383605572925
3610858878255934974
3650411608087393970
3667269999992635400
3616656033172326430
3679007731173425548
3601097847950435933
3638936713822384562
3656353652366512950
3617357097437659825
3601097847984008447
3672687250858180832
3679562471271694612
3678258598632358174
3665445405434446020
3603888687500377160
3641189372646263105
3540733945790508124
3609574815339575985
3635965444617276525
3616656555103119089
3682355720491237473
3666325961953116504
3661523522041322249
3625191984899210731
3646150972478256453
3671914605510262988
3572640762065753583
3654320228084644076
3658404035536499561
3673235185647878415
3663619678523232677
3540406795858255472
3575830857765749899
3642647733027885298
3618076020369959508
3631665945929489871
3677511624522072459
3590272384961256475
3537469396907916062
3643966857129651906
3681596037270733291
3675989674926670125
3627787923388296927
3643709601414835785
3671953814325428594
3562061447804620283
3635565157775715716
3644149045036975241
3679545630813979055
3636875378334788915
3680847675802124532
3681243721120219483
3636132316788717516
3649669326119792856
3609609982556940477
3671386502698500127
3601097863058302298
3610891800556000661
3631494387671892661
3611460459527601446
3660213986370128996
3679551136920109463
3675298410493247542
3543034042435951517
3643777504830956658
3536724258703161988
3540759803632730972
3675831875580067983
3539479649983823200
3569356907162561522
3626504097525592766
3626677216794040033
3644867419488535190
3601097059849138132
3649543028093383338
3679008403411304785
3539053348600807868
3605665967734143090
3632962162898635221
3671917979198685432
3670093217270989158
3681025495937450223
3677324434806538242
3615670235190940655
3575623616886342067
3576344784970862453
3669311679184896443
3676015981609746858
3641547353783172172
3554883137916036702
3612154622879373980
3630901433102134209
3669314640539681131
3674515188897415178
3665360137532604785
3625377317125289092
3655796174184709004
3662817339986068250
3678258953042657672
3614979609667459477
3682314125972734145
3579162646450162676
3613456890274658505
3644145660770541408
3673983179913560345
3676017248415383659
3538317513320452491
3670639539183026501
3638536575215875813
3673604264904753645
3617384451178420865
3671922675661537466
3536700967095537442
3640026873074962067
3536874249681826740
3667719912916386028
3603650396507231906
3615310858114229038
3643734662465125149
3539420357834496185
3646151561022956819
3672686718122852709
3677146880632029521
3633004195419955812
3614064165305622612
3678912863809962472
3611675078808460486
3634303115920046542
3665387984062120338
3567306882806852993
3581017047871677614
3681003628195348834
3554687536490265992
3645425554674573724
3681806834475335920
3557670704809963176
3662298716259357818
3639462175095054484
3593236030389634072
3674529078762930542
3628686091244148110
3643365958883629600
3564713978896718129
3644123507329252380
3656426295119727327
3577160422882684913
3644142609196297328
3625190513931609106
3668007014107316600
3638881016644540534
3678252895075172698
3560802171966613492
3603654014782311053
3667272229114216518
3564709776170564536
3610857335565754120
3653229624269352664
3602389888013612202
3618857975269214274
3678244143844425837
3682336227647947205
3632048889667945269
3646727926138957663
3675807791467069939
3631653681717445028
3670090066912477446
3681737240779817226
3607184915139018894
3669330867135840682
3540068726214907716
3567816061950785359
3668791081895592165
3673476225495597069
3601097865130287467
3621286444351540174
3665365235767836731
3536811283330563700
3621256546916381713
3622772421381213943
3632965306638536164
3640745272709126984
3681027540568375552
3636361244929303858
3678256352507068611
3680306744107597932
3682357515720458273
3648558467180024309
3636275279221156259
3664152046313038539
3667262073697599542
3675816166712017112
3589003041736630247
3649994336562736563
3675298084100899259
3673235720295809120
3620174801529885324
3674514308580114538
3658927557547556011
3630604255750133999
3579907112450528470
3676574211184394354
3629645840341199928
3539139821324926610
3573617966010528345
3673249434235437218
3609560810290069834
3682865638277251138
3669359559664861518
3675876274938708168
3674509053461135846
3679009105453908121
3616654562263445549
3670814748179562986
3653207135577357068
3674466681637437963
3592901525636275523
3665995386759282815
3679546451194675592
3679550887778451657
3680848839830536375
3648553980910559592
3663594585260739544
3621251773060229696
3630585121687601722
3624327236108323251
3620151353139190445
3672685455570239633
3646726498171402784
3624229158374258047
3680847299916988634
3650413497923291380
3678258596526817421
3565412512402917397
3632790649595666575
3539139091255973866
3587477894487743455
3610865639910165986
3674036671717966179
3644127246140179317
3538727824439518382
3555184835704314489
3599598522044908838
3618703510973093187
3627774115127162846
3669309091542597908
3676554826017276075
3555396242626450239
3651180692479567265
3668787555777774030
3669091778998436198
3673727889163026578
3680847031716413696
3681016830949982316
3679009232205775084
3665724239056601239
3536870757965663471
3620180356919130328
3682339513465700801
3590120237833523680
3628858847579481121
3657625922686863315
3650401800605021403
3668008955642249271
3672701357736984643
3565602152305020805
3627754371086987508
3668466004553499003
3653206871587858829
3653986272860603897
3677310284986449978
3675073019233042788
3607546701700824265
3670620499651723500
3615664625980430496
3592906481927906305
3679542993595007464
3665460296262222029
3685490718069096730
3687519793612718201
3692697962917527804
3687519027070108144
3692672115980501271
3693076547104801192
3698457243537244454
3553767730496843877
3695321966811677164
3690107228108489135
3692175572705870038
3684183821613400844
3684929017909215604
3704375173722538151
3692706509927612653
3692691050285105366
3703684684815925302
3699916727069573334
3536718456202363012
3690653449080406149
3695305373130031508
3696229368838881622
3692197273070076290
3686063228410003911
3686188025144017156
3691443063693115424
3692306815942525412
3683597904498524231
3684888928692863197
3690106326131802514
3691429964202246155
3693987163990524269
3694029336358289408
3700495274322559193
3703682554369540591
3693630711794892891
3704380398592197081
3691037546000810373
3697926767848325126
3543957037350321147
3703685859489481196
3693492407346790454
3693978750300586022
3694543959322919136
3695324816497311844
3692942509941588234
3690125110020276549
3695130490827833539
3693417138128814560
3694028728469422109
3688824737896726835
3698610208898154809
3686814538566599041
3692949040372253144
3688794720286409073
3685493891890544655
3692728910421819837
3688294710939615513
3689377839540470016
3695462137439846608
3695135219402276913
3564143506316465753
3688846219074994502
3701055093102215211
3692692349554655715
3686818440686993711
3691931446555050076
3688794237337469176
3697901953867710802
3542032243419645199
3548528622107271481
3692692040132460887
3696589993796567444
3696225432509743583
3696636510179819610
3687522564017619150
3692863484674048155
3696082495989744013
3683096834353529286
3688829133938360431
3693429404656074979
3694021837295059050
3690119234614067599
3691428495315042737
3698215939339321730
3692786048401801413
3597884364022764064
3689375311952216561
3702211000007786982
3601615110222816177
3684192841195716684
3690802815275499766
3698827514848870623
3686912107229610358
3537457974392056617
3691069296496214386
3687712176077930599
3694024873920823711
3694579373408649633
3694009884426240206
3690117215861997699
3695875575345447303
3695319939754885435
3701662405856723044
3692857308594962721
3694022445049708995
3684356853095072105
3703066005422080374
3691769156937580984
3696613815832674583
3697922039181607199
3698612401487347829
3692515186398330955
3684297069247463827
3689375880875999550
3687519001241583836
3704400108297781629
3692370426706657456
3694696523012112485
3695351846857212062
3690117576664416479
3693274120071544989
3695286024285585698
3573050581427873654
3683442531800055980
3690118891083792399
3695319452066382125
3696613167250669657
3692695596365382062
3684890135570285032
3688840463802040370
3692725697794671004
3697387803299152164
3702685658108789104
3683446203997094010
3692739007889932493
3693295652873306365
3700542853810880522
3689002328318410798
3696613908115751272
3692961828545101985
3694185557270855817
3694974811131478159
3608826366788768922
3547967542612126712
3695335053509919107
3689026925772275919
3692698048858816521
3692185764713594961
3683444041430729002
3696237443402563984
3687690018207432817
3694925614319534317
3702403410130239540
3698675335584416159
3692728528144564952
3670985735114194979
3684183802462208386
3686819106239152194
3689422925976436898
3684157044648182233
3702028614087344166
3692722294016311625
3697907191429333459
3703140710061572506
3684922186746953737
3686222050118205769
3536892297184718870
3698820980089684204
3690129246040228117
3691975010441888055
3537442493190783740
3690116296730608022
3685533979051688117
3690676150264267175
3693254635994349760
3692730982860980401
3683302264585453815
3684385582080983186
3695315410586042792
3699259835662074353
3564691103842173281
3690118757738480088
3693813104006791314
3697910227870548795
3691993970734399540
3574568468034490490
3695873777792582101
3690679261699637482
3693852725214314898
3686778362140950566
3694026179481829461
3695135698391793701
3697534231375904858
3704344106051436647
3694578720556843084
3704376638440603740
3684898218757456295
3688985118300569884
3694356226151416294
3689375309636960674
3702768675523264615
3695878019089563785
3696857838518403153
3703686761331950035
3704366489248334276
3683072314402013219
3697370047828852908
3686067291608449167
3697912038341869932
3697296728442142837
3687520871775338510
3692721999886549469
3694018085657903449
3685490627707011223
3689250635376623977
3695314966065315926
3683260154545045771
3697389190414205052
3687552239909601495
3703106388877246899
3688834354403999791
3692579793427103936
3686221489499144488
3698617866858397821
3684900334012072274
3684919339166859542
3684932926329454814
3694025414977650907
3686217316820975769
3695319205130928403
3697921197451903119
3695257933312032799
3683607110693814336
3692721520897032267
3694022256029204553
3704156972162089213
3692121533326688382
3684334373177524733
3684928298367975610
3691976172255707390
3692686609205035503
3699427317853061487
3703236279358586920
3687504359740014727
3695336168129429900
3685647883681530032
3673599869198663988
3699208109038895222
3688078302679007726
3690123342683176974
3692696320243531878
3695322323394625727
3698425241761087630
3689037368775540737
3695711892027867359
3689589439719408096
3683435097295552712
3696629720029463025
3697923299754508692
3702766839684792612
3686200132640047568
3703070173771727314
3686054342290440506
3691436426039263346
3693205943866228886
3680306769801904432
3692597692627812467
3693980590526300174
3704405539149709535
3688815370539500005
3695128085646147588
3696609726864425395
3536877647051254631
3695287263492702357
3683445134684455080
3687922092612911361
3695318425669861436
3687715485358620797
3696543861326348524
3694975259871674689
3559520862971527210
3686779214750679097
3683441400176836841
3687519866660716814
3692332560102326556
3695154602858119661
3698623924767162823
3692328058892714282
3699915479448682796
3693985263551381954
3696617144264556667
3683441599850873311
3694024493799440402
3701236682239115658
3683442879835013613
3689396445254910087
3693977225369092518
3693284969100214696
3692735638605529373
3683447378729369814
3685504981613543902
3684946156900712628
3686188085349056929
3683792524406816834
3692175581077700875
3692369977974849728
3684897569999290607
3700087340501434856
3695470864880501006
3684189963534073903
3688461063570981030
3704403189903261885
3695125671950024936
3692694058960027994
3692690386704269411
3694966025683599399
3690139483220607066
3690852054944841803
3695309984045859106
3688078609735614836
3556864627520503073
3698457417500197154
3686216006973390941
3696612398426358142
3693269885225402495
3704404068156964881
3697322848378028090
3699740270485700718
3696606602435100768
3684930222513324289
3686257330950897905
3697929574575898744
3688791548469837850
3688863255104717175
3560777031417500318
3688846064682664048
3686193138428411982
3691932159670616187
3691230218015605213
3596977730920568188
3690679506605047873
3696202664871330000
3684939664982147464
3686202497304756451
3691421646897414191
3690894156353372577
3685489940487077978
3686775342711832845
3691383524742529484
3692685148966486155
3686217834632970548
3696618583086989708
3677881242939949169
3704385569632157945
3704404225065877583
3704395370789470293
3704409434659881018
3704397119042486741
3704407877885231585
3704409617263100329
3704403760999694370
3704406806131507678
3704409473423638559
3670634984563146982
3662811513854547237
3681010699808669702
3635566927470039321
3603888685571036249
3668794157134119364
3619744301774417878
3630594527749878040
3676566254866530762
3679573393390305369
3652427618072049376
3540070444084428561
3544288411332553549
3636127422908370057
3674510387065258210
3643989996265952440
3671819370960650660
3680849722244989083
3682363827065847867
3663223113556044755
3649900257703288800
3639482829265614217
3679556226355691802
3651241872090861965
3678254655894323382
3677316531840221213
3668909017561956548
3579516474362039027
3644143625199301138
3680477329345347781
3680852915829997897
3561981952271741651
3644115437261848754
3582889032956441953
3565994388121366170
3647247762950595296
3645245788944265446
3542574616319030750
3539134624414483921
3547221959819573716
3646741801240508080
3574360466987847082
3644148781173367185
3581544530144548767
3643711020976965831
3575271015086960312
3620169293175617337
3646150201237987074
3675812660022214841
3633744886328593087
3671210222241841197
3616646036753373731
3653163855426796054
3644125171738085261
3644146384246030586
3536874251879616633
3649308127867886369
3661000779289985421
3682326136714559876
3565648082685319184
3618697072900967171
3671912219739816163
3607551677428838130
3660223409553596534
3668809651211862255
3643991445767070339
3576035742620724139
3675828821967372653
3677315552747061275
3674530519699292409
3571894824946805568
3606970783949298998
3663544164433401513
3634302357908622379
3657662786349214441
3682336672269336664
3605677312890243748
3655050552913585874
3564697163999120739
3647260326023585580
3612725310216346255
3649645385561036681
3604064081247659211
3578461340567795497
3651186664866494723
3618691223172311237
3639468048412450458
3665667350075671007
3679548085186461887
3537434221092188328
3614261569644574334
3618684095707669443
3673982445566427153
3625371825934085155
3627782157319161857
3673225820362637701
3675859359176458450
3538966912417533960
3640947840739618867
3677842169332367422
3631638855389678349
3653985186342913296
3662297299020825120
3615356422214314510
3653028432977204952
3671386681157746705
3536869950427923358
3590301083815253614
3604367606661913340
3672685232064168328
3644151005966383967
3657697512879457675
3551702375288982001
3658920071419541939
3610863829556290307
3619213847711375304
3673414715113078961
3676016679390937212
3662813706594681185
3679571037684629820
3679574202874200356
3612757055494070570
3678256064668762358
3613492051091533927
3634273781259886289
3665456078403010656
3682319921771053134
3565598200960254595
3609565074420846116
3657095111805959801
3627755945066645773
3564674112901269587
3651863210396675010
3670630977325105441
3660213028592480680
3551701411060406698
3678253442649948597
3579128804121154767
3670096466405359659
3675080108244336840
3677831442802540663
3536713074641890990
3569340919356479851
3649858921033770721
3597882023399822732
3547253184307291302
3664117445964258274
3675822424512921791
3617331086209743054
3670093131463917697
3674508366316699826
3559645043293850469
3583626863433657461
3651862699303957093
3675822156152963558
3644061997164850623
3544315744521222434
3678262807624810698
3680847852055167471
3679009386916872325
3620165045528484659
3648745517233649965
3662327039572190911
3662704421168667268
3680869713430315330
3664113254084566667
3560061129004824485
3614980379708138961
3624238667238906222
3590111274295507581
3642636175203808773
3648316655815231262
3656811809236730628
3576608751521806459
3627782842425162335
3620544336112051814
3678249274291912801
3572464857309663577
3682319028535296094
3558216346103881881
3589011367530741553
3668455097433718968
3634267628719209261
3657693781056177632
3616652957975766349
3675824142407565761
3567616296612971857
3626448348833257203
3581216993598116823
3626446721090983579
3585625818623291914
3601230326241883471
3658919285625101314
3662820106054014599
3670633571443409169
3663469698399516741
3673209398672621665
3637057682734761793
3651192304292763381
3671189301405810941
3679562363838792062
3667717194252419140
3679203141389254979
3640941861968963443
3670050476012994801
3620164336892425711
3675992041394929743
3679138796286378372
3610863151949720607
3649725510264687510
3673227604829274391
3596799775258858784
3604379563825744975
3577121785356910813
3634270996074225578
3606966447332540610
3596797876950462822
3564161345471533811
3668475187017416884
3675096965932253548
3547219056421659339
3651184070915974657
3671924486107693276
3645426973901211801
3628861218493755047
3555396334943093740
3675985470128521568
3571172898926405906
3580521232644314126
3599598509092921506
3658913839606560553
3679008435631947970
3536886408742578144
3562859216429530583
3618654294993190692
3622609545349739421
3665456679899758862
3544294512216137793
3537419259607134838
3603456663316763448
3673806293900067252
3660608159216733028
3677133729442169005
3624323600267481318
3636355365320425359
3636884168195075522
3671386595048685627
3557805087952882100
3670617828249174307
3676017579153031568
3682889514042392698
3554270106496439305
3653978808324866084
3656753045670376267
3609786457360835203
3634644181613418488
3646146643260217427
3681020372033077549
3565403050531289811
3593425436467722997
3628593816036113228
3675515755132223634
3575288366880695810
3671916589894205761
3677310355928908152
3577094039851384704
3587524239198141091
3638197957930667642
3644638905761971478
3670097810881118582
3547225361391741462
3644113908161210162
3653207895769755946
3671947000301092953
3536874249690192081
3635570887186641322
3647257880249386962
3632964241595723660
3618705370794607079
3620177069247433996
3602389898692290369
3631500780814628410
3554876392678251675
3615373772833600148
3668791973151637981
3536830496942198579
3671908680720318649
3678258068254228493
3645426439395925472
3645438263533166408
3655426740483946343
3673230892660294113
3539457779934864967
3615373774981043058
3628578279042234126
3554650820995870865
3591416132629824484
3625378727988457681
3599783589920778867
3644448279703485840
3536828871221624249
3618699445778160872
3640950432517484709
3656808296263907637
3680303630164033929
3670633189199708308
3643727970738273915
3663594359733009099
3681596954388857145
3670820355150315692
3620170495741321866
3640046393441298696
3621277328166012497
3603650381474836006
3665384150594093325
3661403222163250974
3536701407363247747
3643990219503614121
3660226716720304468
3669304442366329305
3597883350410488037
3668436609671496084
3673428914409177155
3617955720340872191
3671918327158145389
3674525239263494388
3679547707430666737
3551297576768813074
3648022897601166894
3643989199247520765
3669505691632140464
3661930291867593716
3559558394518063755
3646135383609229113
3589040040732441361
3635048376464237414
3622799088900292455
3660951393742810433
3536512338557560740
3664116636413254271
3563391163312521684
3673247630164623399
3538526117742947835
3671948391845331270
3576609771551337845
3681598436102242344
3539523439314507984
3658402998184444883
3614058957456422871
3604054548399930831
3661996936875092880
3613458397858539727
3633744454726345498
3586785103327696118
3633004672379407427
3650398639005795972
3536874249732140832
3597368272254853042
3682362156491341869
3683000584086094028
3609567997917838662
3642620180812672465
3650917896567305635
3671810998140010985
3629305513491177070
3674498614685728949
3631122409312118100
3565992150258867680
3574575219723109478
3644147733142618739
3663731388592554706
3661406058854917670
3671924917642854690
3672159328476987611
3632798400023525332
3635028778536821890
3640950054879154593
3672162457369051546
3543034529981815563
3536513523985316728
3639462222398410099
3634720288459105539
3629042408030915569
3566156589633302187
3682892000727793726
3546543256269681400
3674137955485745510
3677507320822235239
3644683092284845439
3676539039915311284
3562296434055378983
3621993911238699828
3677842736184164383
3658012969905874217
3669357899492229469
3597732856903951091
3679544043714511236
3587478701924819834
3543157750378945639
3638759617263190985
3538158498682687237
3576346565259987497
3665371044568498644
3634267164887916388
3670056712263565455
3625380965632844645
3654646244070003504
3635570401821726552
3645425000372136684
3648025517397017455
3663068795381114813
3626548990570554153
3542996165119353097
3565993924080348588