3612563663845765012
3710914450543476918
3514629031268100159
3503084272942762389
3513312997445626826
3718507351385440416
3560238399543743417
3583259394621756565
3600710422589770174
3434836025724263242
3658969274640418907
3573617854332959642
3433739127558926423
3633002432562334503
3493442487815677951
3570609008442246079
3719447332836737465
3691639124764262861
3610150133691486300
3558902426327189697
3671595790003994762
3689950115998597537
3638877127576832968
3661042665966945450
3676594824888320213
3601595707699642776
3558729384225584958
3701396536601739733
3684577573729337413
3684934500418191700
3672461698561867927
3553579542285307421
3475647359977943891
3717410545528340994
3572100933892596779
3602689895774186504
3502548956599170752
3443181948175016065
3602894301857724016
3626328836972653959
3581932105652958071
3527363471819835481
3509614933732146835
3518698695308752367
3618556943033102781
3533149651987491066
3610704090025303887
3648017065060779887
3690088141147996373
3630010392870272345
3721705570907062763
3598982574409689306
3672691801300533484
3508698518741241045
3625741117926053555
3653603078118223346
3668782852897636631
3440398296001196091
3504025720991122734
3647584756822054997
3690847530104520810
3650602665437718122
3609598996844312289
3606599590519933441
3485605110900521829
3708101221052186666
3502538060267134327
3671570136290165000
3571927108143945166
3568045565801530310
3615536863596659218
3638704905470003628
3565258952289737068
3502728903053726682
3500150870165832623
3649119243913570164
3525185311292442429
3581961343642811608
3370594719397749051
3671930134031630490
3629225073191332269
3530903304441867819
3590493661693122440
3647793138342434535
3504737163164159737
3670813915031404797
3700142962433458204
3493809179154582141
3475823299043393958
3673065154335080908
3646550062919760559
3677668191062065986
3712194578279956972
3469699081209812712
3536686841023572948
3678969933213073513
3601946228411266324
3582749918999277666
3502728598043902013
3649178557420277141
3675673541535203396
3656762724253330265
3513506320131192848
3717022147391127925
3559716917432419351
3430425070571501155
3424127911744112982
3569908415365052566
3677549806697447494
3561584528118180932
3509769520342535970
3665230890524607351
3512719950500527117
3618353636377242172
3554674939326028672
3615903454112963866
3649852577291626256
3605855573335214470
3609048538803235458
3540173776828384381
3460571833324144023
3670462090579149062
3513074317531418156
3626137021585731317
3651728773642116715
3617806455245299283
3502741222974467336
3517035659921631555
3650599723452265347
3687122453261320591
3673618681021202490
3664161714309591058
3565037643353949838
3670595915267309985
3620739619802456414
3706666940362784811
3526289687046170413
3628891281008290280
3663593232396377410
3433349638323891166
3635051084483011396
3631686845248704161
3618146318356201932
3536711180511016668
3547041603480861174
3714839386920190271
3685084680341815762
3496745948942595639
3433664910465326890
3545636998842848265
3629843340176043733
3650237537366180252
3633872077364277247
3648769481062366987
3418328393639423820
3633348776552473805
3676571529019261168
3671924329324609891
3570440628485674831
3657246610452272064
3597875155755473400
3503074570418683265
3612736252761241521
3702554348266586189
3682675270193643805
3645791404023775227
3639297349383279961
3607972462664545743
3619205279276774419
3643551424304040003
3656169636640222618
3675269516058821096
3571771892320893998
3617026207956263036
3689236329033498718
3673388558779023747
3537827049538498051
3655229800815154343
3518517808038344366
3531080761644062017
3707031243808964841
3638987499579248840
3710310966668427722
3591059671676545872
3638927962801316247
3651487892540417943
3432793087989143784
3559090135641541760
3638742097823190354
3518465822140041335
3687528252584362473
3613523544685864424
3570452027387589116
3650505137073587888
3702385038407631256
3673825732838162794
3504357924044708352
3653405732700830949
3681048489254584338
3518498506849576724
3571037598774375250
3604934921325540324
3489734039072559394
3704187870299422779
3652283255622865614
3698653991710884020
3697922520159224022
3690857846624354356
3661003324100090745
3603819590234307231
3517355805072606044
3501763014057698386
3690705102588477617
