3585488237935858652
3609591944507982516
3502551655952555179
3678021520891969671
3591059671676545872
3547041603480861174
3676594824888320213
3690309473789935743
3583246264915087509
3717022147391127925
3485605110900521829
3618146318356201932
3647227817432853763
3576979224680120907
3703526307779444785
3677668191062065986
3415511837838604248
3443181948175016065
3600513915018158181
3717410545528340994
3612007002672333140
3480297566300682265
3615188292598947988
3559716917432419351
3610351987591372619
3536686841023572948
3664161714309591058
3631522339335832080
3502548956599170752
3513692142084179184
3660078022796675850
3656169636640222618
3613463075841299576
3433739127558926423
3515368744887135153
3493442487815677951
3469712324724667409
3565258952289737068
3565037643353949838
3504392485378078437
3648017065060779887
3638927962801316247
3628891281008290280
3509614933732146835
3517358426713921986
3545177016326341217
3475234134757090437
3703632354825339018
3677549806697447494
3603819590234307231
3597308904926787026
3608119323945758914
3638177513785667625
3700142962433458204
3617806455245299283
3501763014057698386
3601594202313629198
3588657410652437527
3648769481062366987
3717928894393876758
3657246610452272064
3622562612195250984
3517355805072606044
3568045565801530310
3503074570418683265
3555086601212297477
3650602665437718122
3626328836972653959
3635025774450490467
3626650643957182687
3537827049538498051
3706666940362784811
3649302731258238701
3619958496239483473
3613507724173776930
3656762724253330265
3615415474927607142
3503084272942762389
3486972959166445265
3550434400003052237
3518517808038344366
3688655526973014195
3720896132730191894
3609048538803235458
3542184467839981698
3513074317531418156
3682675270193643805
3447815588909608219
3652548076922607034
3615536863596659218
3604938594646652629
3707574454101082518
3494427315193181494
3561387000516992960
3690088141147996373
3559090135641541760
3645791404023775227
3708101221052186666
3621279870878929656
3605732276442422928
3536711180511016668
3651728773642116715
3601946228411266324
3633872077364277247
3653962250974307108
3718525997910458745
3620739619802456414
3493277810146026615
3638987499579248840
3572100933892596779
3646484131019416047
3644295200576243910
3525170255443922116
3681048489254584338
3592173520022566119
3645237969914328483
3633348776552473805
3694764974045004068
3433664910465326890
3430425070571501155
3624641657753974019
3610390511258614272
3551723575239156863
3572154054224302506
3625741117926053555
3570609008442246079
3511290091270177023
3562835845423715310
3522280382403878682
3554674939326028672
3690705102588477617
3674314433712226399
3482325394315693490
3725895710953046126
3668782852897636631
3475823299043393958
3475647359977943891
3674129432047649266
3714839386920190271
3561138392618125200
3657256469600018473
3682334144622363086
3547618479865731183
3624435922269044702
3570452027387589116
3500150870165832623
3505261438950333999
3676571529019261168
3626576194876630963
3627083632520347061
3581238024073280206
3496745948942595639
3644857678502734619
3504737163164159737
3522050345943598565
3504025720991122734
3540173776828384381
3687122453261320591
3577885097665403996
3652283255622865614
3693660995659628570
3695109432569626880
3653787381531805335
3661042665966945450
3645785971166961724
3718507351385440416
3649119243913570164
3597875155755473400
3616677091396994637
3573617854332959642
3690857846624354356
3644094383197968417
3658969274640418907
3698653991710884020
3675673541535203396
3610150133691486300
3492373328486887530
3509769520342535970
3628527658507348447
3675269516058821096
3685084680341815762
3631686845248704161
3714611081575006225
3624822956754120415
3581932105652958071
3644495120994293700
3525185311292442429
3671930134031630490
3710914450543476918
3583259394621756565
3518698695308752367
3650237537366180252
3688446361998590182
3711650809633702519
3430009169544137681
3493785043669779944
3617026207956263036
3440398296001196091
3656005244770512003
3570440628485674831
3597776356475308777
3605855573335214470
3704187870299422779
3582749918999277666
3673388558779023747
3615903454112963866
3712194578279956972
3672691801300533484
3633669602036321679
3639294101960146673
3559871596393025314
3701396536601739733
3621294699110904591
3514629031268100159
3605921756633805005
3641673353183535978
3629843340176043733
3415679476812631015
3490855343163096778
3633900220313663491
3518465822140041335
3655209627697719914
3670462090579149062
3433349638323891166
3612563663845765012
3511098763454361712
3687528252584362473
3684577573729337413
3530903304441867819
3677838374779093324
3633002432562334503
3516803637651324190
3571927108143945166
3719447332836737465
3440919247616874448
3624435127683272536
3671924329324609891
3673825732838162794
3558588429774250976
3720205143426335036
3626137021585731317
3625206572839502929
3612907583301660421
3571771892320893998
3673979668819739006
3691639124764262861
3609598996844312289
3667068402683478042
3493809179154582141
3527363471819835481
3638877127576832968
3650599723452265347
3599577461807029416
3628697751962944414
3676779356186869856
3595647674055038578
3651487892540417943
3561584528118180932
3678969933213073513
3569908415365052566
3639297349383279961
3518498506849576724
3609589648034293108
3712048111330394238
3714995859197395362
3571037598774375250
3661003324100090745
3702554348266586189
3549326648480547199
3602894301857724016
3670813915031404797
3631459693135852354
3611657522332751136
3655835060432725796
3619585912012442063
3640225658900232228
3689236329033498718
3512719950500527117
3607948099705788414
3440592578863581088
3665230890524607351
3508698518741241045
3708453408412401898
3540213883232995221
3612911913425627892
3493695985375436867
3618353636377242172
3615867747893911712
3606521322299066479
3607972462664545743
3434836025724263242
3513312997445626826
3418328393639423820
3573819726318718913
3712179586931491287
3611634540759616382
3661154318029066270
3502741222974467336
3643551424304040003
3647793138342434535
3502538060267134327
3424127911744112982
3504357924044708352
3370594719397749051
3721705570907062763
3489734039072559394
3604934921325540324
3693646268149662026
3517035659921631555
3455571348913566308
3542672133417213337
3526289687046170413
3638704905470003628
3684934500418191700
3702385038407631256
3502728903053726682
3610341948080183380
3647584756822054997
3590493661693122440
3477461333014925318
3529324322076371541
3612736252761241521
3697922520159224022
3516676912493797666
3553579542285307421
3560238399543743417
3432793087989143784
3533149651987491066
3558902426327189697
3653603078118223346
3655229800815154343
3671350970501169298
3600710422589770174
3710310966668427722
3646550062919760559
3471209432355094411
3706279274475552929
3671595790003994762
3588108449331997770
3610704090025303887
3494152256989843662
3670595915267309985
3494715342125726574
3514575186974359255
3551528675998575294
3630010392870272345
3582164143442110871
3720952976563634243
3601595707699642776
3650505137073587888
3575655126913935501
3558729384225584958
3653405732700830949
3673618681021202490
3557246048550394989
3524282517437977331
3598982574409689306
3629225073191332269
3620954264995799273
3632598458659145285
3613523544685864424
3649852577291626256
3545636998842848265
3523294316757916070
3593058238255486263
3673065154335080908
3638742097823190354
3571795512283804596
3712193908365721904
3489517422346681433
3531080761644062017
3460571833324144023
3672461698561867927
3618556943033102781
3649178557420277141
3516997806680347502
3671570136290165000
3707031243808964841
3689950115998597537
3502728598043902013
3560799734522325761
3675599494076039457
3614309763489369357
3672318008182833645
3633875350137740272
3562094067938679836
3469710772102425249
3663593232396377410
3574564024932802506
3654852855644446797
3469699081209812712
3535391354333078986
3603067337491786845
3602689895774186504
3656730181411945762
3616797350623898608
3629646787381435264
3649136640175276108
3592745845948297330
3622760906540347400
3513506320131192848
3606599590519933441
3659867008880755136
3690847530104520810
3619205279276774419
3535621886627202958
3581961343642811608
3695519711375786347
3650025655900476333
3613857615102276309
3683404091884700076
3635051084483011396
3669124169502687440